{
    "left": {
        "image_size": {
            "type_id": "opencv-matrix",
            "rows": 2,
            "cols": 1,
            "dt": "d",
            "data": [ 800.0, 600.0 ]
        },
        "camera_matrix": {
            "type_id": "opencv-matrix",
            "rows": 3,
            "cols": 3,
            "dt": "d",
            "data": [ 585.83359426984816, 0.0, 403.74376097657625, 0.0,
                585.61393084845713, 298.70552945549412, 0.0, 0.0, 1.0 ]
        },
        "distortion_coefficients": {
            "type_id": "opencv-matrix",
            "rows": 1,
            "cols": 5,
            "dt": "d",
            "data": [ 0.020482474422127164, 0.099803061978546243,
                -0.00096699914335497813, 0.00043855596218342471,
                -0.25304063135333554 ]
        }
    },
    "right": {
        "image_size": {
            "type_id": "opencv-matrix",
            "rows": 2,
            "cols": 1,
            "dt": "d",
            "data": [ 800.0, 600.0 ]
        },
        "camera_matrix": {
            "type_id": "opencv-matrix",
            "rows": 3,
            "cols": 3,
            "dt": "d",
            "data": [ 586.56935017574006, 0.0, 393.31731644973434, 0.0,
                586.21969422080338, 297.80922246269984, 0.0, 0.0, 1.0 ]
        },
        "distortion_coefficients": {
            "type_id": "opencv-matrix",
            "rows": 1,
            "cols": 5,
            "dt": "d",
            "data": [ 0.023157593810997388, 0.070899386092015917,
                -0.0027964220274352184, -0.00011480535972265989,
                -0.22196244351067573 ]
        }
    },
    "stereo": {
        "image_size": {
            "type_id": "opencv-matrix",
            "rows": 2,
            "cols": 1,
            "dt": "d",
            "data": [ 800.0, 600.0 ]
        },
        "K1": {
            "type_id": "opencv-matrix",
            "rows": 3,
            "cols": 3,
            "dt": "d",
            "data": [ 585.83359426984816, 0.0, 403.74376097657625, 0.0,
                585.61393084845713, 298.70552945549412, 0.0, 0.0, 1.0 ]
        },
        "D1": {
            "type_id": "opencv-matrix",
            "rows": 1,
            "cols": 5,
            "dt": "d",
            "data": [ 0.020482474422127164, 0.099803061978546243,
                -0.00096699914335497813, 0.00043855596218342471,
                -0.25304063135333554 ]
        },
        "K2": {
            "type_id": "opencv-matrix",
            "rows": 3,
            "cols": 3,
            "dt": "d",
            "data": [ 586.56935017574006, 0.0, 393.31731644973434, 0.0,
                586.21969422080338, 297.80922246269984, 0.0, 0.0, 1.0 ]
        },
        "D2": {
            "type_id": "opencv-matrix",
            "rows": 1,
            "cols": 5,
            "dt": "d",
            "data": [ 0.023157593810997388, 0.070899386092015917,
                -0.0027964220274352184, -0.00011480535972265989,
                -0.22196244351067573 ]
        },
        "R": {
            "type_id": "opencv-matrix",
            "rows": 3,
            "cols": 3,
            "dt": "d",
            "data": [ 0.99993443162093365, 0.00042860761030465828,
                0.011443284250456853, -0.000512640349110819,
                0.99997291951106182, 0.0073414878870711308,
                -0.011439827743144932, -0.0073468728068435702,
                0.99990757262917418 ]
        },
        "T": {
            "type_id": "opencv-matrix",
            "rows": 3,
            "cols": 1,
            "dt": "d",
            "data": [ -0.060939625061487472, -0.00033035083244512101,
                0.00048140415641952984 ]
        },
        "E": {
            "type_id": "opencv-matrix",
            "rows": 3,
            "cols": 3,
            "dt": "d",
            "data": [ 4.0259438127870249e-06, -0.00047896407421198792,
                -0.00033385452176936764, -0.00021576622190593703,
                -0.00044750934073841157, 0.060939501416765185,
                0.00036156928254271769, -0.060937833195764242,
                -0.00044360722075352201 ]
        },
        "F": {
            "type_id": "opencv-matrix",
            "rows": 3,
            "cols": 3,
            "dt": "d",
            "data": [ -1.6786156213782853e-08, 1.9977878308009928e-06,
                0.0002255103611240701, 9.00172973331468e-07,
                1.8677015973571492e-06, -0.1498628177024256,
                -0.0011457669791578645, 0.1477494870532958, 1.0 ]
        },
        "R1": {
            "type_id": "opencv-matrix",
            "rows": 3,
            "cols": 3,
            "dt": "d",
            "data": [ 0.9999761299480604, 0.0059071805397527977,
                0.0035839576128242011, -0.0059202429749446233,
                0.99997583169112325, 0.0036451003777757205,
                -0.003562338728612573, -0.0036662312689201971,
                0.9999869341601747 ]
        },
        "R2": {
            "type_id": "opencv-matrix",
            "rows": 3,
            "cols": 3,
            "dt": "d",
            "data": [ 0.99995410724235456, 0.0054207040394587099,
                -0.0078993276208926006, -0.0054495456228810914,
                0.99997854727237079, -0.0036342052147914469,
                0.0078794582078806508, 0.0036770861773524326,
                0.99996219587322133 ]
        },
        "P1": {
            "type_id": "opencv-matrix",
            "rows": 3,
            "cols": 4,
            "dt": "d",
            "data": [ 549.11607062795667, 0.0, 400.21700286865234, 0.0,
                0.0, 549.11607062795667, 295.17863845825195, 0.0, 0.0,
                0.0, 1.0, 0.0 ]
        },
        "P2": {
            "type_id": "opencv-matrix",
            "rows": 3,
            "cols": 4,
            "dt": "d",
            "data": [ 549.11607062795667, 0.0, 400.21700286865234,
                -33.464463235805965, 0.0, 549.11607062795667,
                295.17863845825195, 0.0, 0.0, 0.0, 1.0, 0.0 ]
        },
        "Q": {
            "type_id": "opencv-matrix",
            "rows": 4,
            "cols": 4,
            "dt": "d",
            "data": [ 1.0, 0.0, 0.0, -400.21700286865234, 0.0, 1.0, 0.0,
                -295.17863845825195, 0.0, 0.0, 0.0, 549.11607062795667,
                0.0, 0.0, 16.408931072900611, 0.0 ]
        }
    }
}
